h= 0.025
N= 1024
x_0= -12.7875
x_n= 12.787500000000003
dt= 0.001
t_steps= 45000
mu= 1
omega= 1.5
x_0_Gauss= -5
p_0= 0
sigma= 0.5
n_HO= 0
runtime(s)= 293.81111550331116
