h= 0.05
N= 2048
x_0= -51.175
x_n= 51.17500000000001
dt= 0.01
t_steps= 1500
mu= 1
omega= 1.5
x_0_Gauss= -5
p_0= 0
sigma= 3
n_HO= 0
runtime(s)= 19.537713289260864
