h= 0.05
N= 1024
x_0= -25.575
x_n= 25.575000000000006
dt= 0.01
t_steps= 1500
mu= 1
omega= 1.5
x_0_Gauss= -5
p_0= 0
sigma= 0.5
n_HO= 0
runtime(s)= 9.877190351486206
