h= 0.1
N= 2048
x_0= -102.35
x_n= 102.35000000000002
dt= 0.1
t_steps= 300
mu= 2
omega= 1.5
x_0_Gauss= -20
p_0= 5
sigma= 2
n_HO= 0
runtime(s)= 9.472232103347778
