h= 0.1
N= 2048
x_0= -102.35
x_n= 102.35000000000002
dt= 0.001
t_steps= 8000
mu= 1
omega= 1.5
x_0_Gauss= -5
p_0= 0
sigma= 0.5
n_HO= 0
runtime(s)= 248.49425411224365
