h= 0.1
N= 2048
x_0= -102.35
x_n= 102.35000000000002
dt= 0.01
t_steps= 800
mu= 1
omega= 1.5
x_0_Gauss= -5
p_0= 0
sigma= 0.5
n_HO= 0
runtime(s)= 25.61631941795349
